5206
1726
 1726
 4481
 6062
 8578
 1764
 4771
 6601
 3740
 4197
 1876
 5264
 9419
 6794
  313
  917
 4397
 6120
 8117
 4769
 6744
 5862
 7290
 6460
  754
 9437
 4065
 5494
 3372
 8338
 4424
 2517
 7133
 6800
 6363
 6792
  131
 2180
 1423
  149
 7487
 6906
 8424
 3006
 1244
 3807
 1949
 2900
 6885
 1928
 6954
  757
 7087
 5936
 2936
 6650
 3894
 5085
 4844
 7346
  317
 3351
  731
 4128
 6649
 9339
 1494
  256
 8680
 9553
 9744
 5722
 2486
 3597
 8223
 6350
 7213
 1849
 2396
 8205
 1114
 6048
 7545
 1048
 7352
 1484
 7972
 6861
 9994
 3085
  541
 5391
 4322
 2502
 2045
 4689
 3463
 4045
 5005
 8648
 4554
 1037
 5137
 4978
 5663
 3521
 7380
 6431
 1557
 5414
 3885
 2222
 6286
 7196
 7836
  332
 2696
 3672
 7936
 1904
 7893
 4312
 3942
 4361
 1816
 5808
 3799
 7181
 1780
 5094
 7520
 4098
 8922
 4172
 3359
 6416
 8379
 7575
 9026
 7756
  471
 6171
  259
 6198
 7148
 7037
 5622
 9048
 7747
 5991
 5259
 4015
 8340
 6154
 1660
 8717
 3313
 8588
 4683
 5493
 1502
 1047
 9486
  378
 3506
 2244
 6590
 6298
 4667
 2633
 7323
 1655
 7445
 4601
 2007
 2519
  191
 2025
  676
  909
 1716
 6723
  842
 4780
 5008
 6176
 2232
 5966
 9476
 4243
 1542
   70
 7463
 9430
 4607
 3367
 8537
 5768
 5182
 2948
 5972
 6137
 4242
 2662
 5209
 3478
 1995
 4058
 7921
 7386
  702
   88
 1159
  984
 6920
 2873
 8556
 5567
 4189
 1130
 9594
  930
 6278
 2433
 7353
 1389
 7198
  521
  441
 2908
 5136
 6722
 7594
 6425
 2415
 3848
 5910
 8174
 7571
 4870
 4581
 3471
 9365
 3063
 8869
 8483
 3844
 4087
 8302
 6335
 1544
 4694
 3722
 8412
 3333
 1150
 7652
 7859
 9374
 9965
 5285
 7871
 1489
 2470
 7939
 2389
 8082
 6741
 8840
 8353
 9554
 5741
 5726
 4719
 8410
 7030
 1075
 4319
 8278
 7379
 5512
 1196
  592
 4595
 8395
 6208
 8616
  804
 4119
 1237
 5210
 6506
 9635
 8182
 4252
 8866
 9375
 1077
 7073
 6825
 5465
 6091
 7240
  516
 5439
 7848
 5443
 9208
 6621
 6575
 6600
 7067
 2504
 3994
 7931
 6704
 2779
 8246
 3459
  595
 3606
 3208
 6235
 9551
 3658
 5061
   28
 3622
  561
 3721
 4450
 2431
 2728
  560
 9141
  176
 4638
 7912
  817
 3764
  696
 2565
 7730
 6616
 9298
 6483
 6031
 5877
 6641
 1134
 7112
 5880
 9360
 2577
 2153
 1541
 9931
  105
 7110
 8626
 6281
 6711
 4599
 1428
 1118
 8681
  452
 8957
 6976
  250
  662
 5262
 7573
 6813
 6294
 8321
 9046
 4443
 4890
 3086
 1072
 3495
 8903
 8310
 1844
 1227
 6054
 3272
 7083
 9623
 7019
 1607
 6121
 9120
 6668
 3566
 3186
 5679
 9235
 3612
 9828
  450
 6146
 7446
 3098
 4178
 7310
 8526
 2703
 6757
 8668
  943
 2215
 1416
 2672
 4986
 4519
 6580
 4911
 7686
 5383
 2403
 4525
 7725
 7070
 1280
 5745
 3151
 8034
 5295
 3648
 8430
 5908
 6784
 3083
 9914
 3432
 4380
 8274
 8463
 1551
 1794
 8518
 7530
 3875
 7254
 9909
 3963
 7977
 8675
 5427
 1226
 9172
 3642
 8209
 8596
 3439
 1751
 3221
 6157
   15
 2014
 2714
  211
 5393
 9785
 3462
 5231
 3256
 9227
 3830
 1507
 3216
 2278
 2253
 6865
 1610
 3748
 3731
 8150
 5271
 8084
 9654
 6451
